cam0:
  T_cam_imu:
    - [ 0.91740758,  0.13777834,  0.37333693,  0.07502469]
    - [ 0.00664732,  0.93271642, -0.36054944,  0.00430613]
    - [-0.39789338,  0.33325247,  0.85476526, -0.03709606]
    - [ 0.        ,  0.        ,  0.        ,  1.        ]
  # T_imu_cam:
  #   - [ 0.91740758,  0.00664732, -0.39789338, -0.08361712]
  #   - [ 0.13777834,  0.93271642,  0.33325247, -0.00199082]
  #   - [ 0.37333693, -0.36054944,  0.85476526,  0.00525151]
  #   - [ 0.        ,  0.        ,  0.        ,  1.        ]

# msdmo = np.array([0.9174075807755737, 0.006647316356289734, -0.39789338260489987, -0.0836171207584613,
#     0.13777833942240095, 0.9327164187092706, 0.3332524740435679, -0.0019908210116357005,
#     0.37333692547284353, -0.36054943552224933, 0.8547652570285438, 0.005251507311936389,
#     0.0, 0.0, 0.0, 1.0]).reshape(4, 4)

# msdmg = np.array([0.038019185279120626, -0.9857188933660466, -0.16405122618233794, -0.05250638055608702,
#     0.963719870525952, -0.007235246898363468, 0.2668176575037013, 0.01311586834471913,
#     -0.26419415721047773, -0.1682436164124405, 0.9496818060973419, 0.006154449833848688,
#     0.0, 0.0, 0.0, 1.0]).reshape(4, 4)

# msdmi = np.array([0.015499520450221071, 0.9998798559060368, 0.0001965175227435778, 0.06917789156550716,
#     -0.9969334637731943, 0.01543876948824141, 0.07671579502208402, 0.12085668743462545,
#     0.07670354408366437, -0.001384972928440642, 0.9970529816288567, 0.012667308040189403,
#     0.0, 0.0, 0.0, 1.0]).reshape(4, 4)

# In [25]: np.linalg.inv(msdmo)
# Out[25]: 
# array([[ 0.91740758,  0.13777834,  0.37333693,  0.07502469],
#        [ 0.00664732,  0.93271642, -0.36054944,  0.00430613],
#        [-0.39789338,  0.33325247,  0.85476526, -0.03709606],
#        [ 0.        ,  0.        ,  0.        ,  1.        ]])

# In [26]: np.linalg.inv(msdmg)
# Out[26]: 
# array([[ 0.03801919,  0.96371987, -0.26419416, -0.0090178 ],
#        [-0.98571889, -0.00723525, -0.16824362, -0.05062619],
#        [-0.16405123,  0.26681766,  0.94968181, -0.01795805],
#        [ 0.        ,  0.        ,  0.        ,  1.        ]])

# In [27]: np.linalg.inv(msdmi)
# Out[27]: 
# array([[ 0.01549952, -0.99693346,  0.07670354,  0.11844222],
#        [ 0.99987986,  0.01543877, -0.00138497, -0.07101791],
#        [ 0.00019652,  0.0767158 ,  0.99705298, -0.02191519],
#        [ 0.        ,  0.        ,  0.        ,  1.        ]])
